7.149999079112755451e-01
6.350456722174632196e-01
5.654559710834409225e-01
6.808780550184004854e-01
8.219479336717602225e-01
6.262102075965726433e-01
5.967445956439313415e-01
7.373345244925253450e-01
6.383839744734516319e-01
5.070430064965222305e-01
6.362369672115725239e-01
8.072063831024356428e-01
7.259965902042591068e-01
6.962317127432936514e-01
7.489812251755565420e-01
7.317333611771591473e-01
6.600282372442256573e-01
7.057668345104999297e-01
7.142062782881409833e-01
6.417248589606912024e-01
5.757364300953714542e-01
6.773000724307807197e-01
6.636507205771399187e-01
7.894007073469315738e-01
6.264369069207640361e-01
7.607852463754566363e-01
7.863933947172871974e-01
7.928928733281565000e-01
7.408782590877650565e-01
7.683983644022442938e-01
7.542377564899100939e-01
7.176837941607228100e-01
6.895671214396379423e-01
6.731806777740867442e-01
6.222515168120944518e-01
6.260070117504924481e-01
7.523318503436158267e-01
7.090962656474162351e-01
6.481656492016144577e-01
7.658928421412481979e-01
7.476974546960180046e-01
7.689280887496037220e-01
8.436922075030272028e-01
8.861664129603581408e-01
7.712479658870610155e-01
7.398595415734174896e-01
7.825011080445687384e-01
6.970265871908931654e-01
6.542784623271605815e-01
6.447615825606953788e-01
7.449952598551692340e-01
7.823006151903648675e-01
6.667345687404344634e-01
7.389889456336949936e-01
6.358031923413661746e-01
6.575519355968465485e-01
7.434422073134110409e-01
6.578130195099911592e-01
7.109751801959661721e-01
7.273233387840273290e-01
7.203376189822764397e-01
8.251370630857006727e-01
8.184728297198953229e-01
7.918784222315274901e-01
8.301225543539454410e-01
8.447787491885480060e-01
7.562374958073050379e-01
6.990870874970578353e-01
7.203944874524809139e-01
7.033013251454758308e-01
6.934389287875680763e-01
7.179862068503195527e-01
5.310133988334098110e-01
6.420130109370613125e-01
7.628838390468165587e-01
8.401277352072786808e-01
6.449744582640032364e-01
8.569254444108953539e-01
6.799824588897726008e-01
6.694693560531472798e-01
6.644704953489002364e-01
6.422627251679864369e-01
6.340612761993239532e-01
