5.894741162656370825e+00
2.383551700622767555e+00
3.650995423065328982e+00
5.753948397596422737e+00
2.191640957068701212e+00
1.516878787157847963e+00
4.304572246895993715e+00
2.696457415217444087e+00
1.544645269940076115e+00
1.622183057255450978e+00
1.757953180632317425e+00
1.471756231204932819e+00
2.884499428807449473e+00
3.727622705519179291e+00
2.853606747468679927e+00
2.959952529882622585e+00
3.046322452935775971e+00
3.059924611592406585e+00
1.994355273464372136e+00
2.955926191200064945e+00
2.143729727167808186e+00
1.920239238408906868e+00
