6.845368413057210111e-01
6.234387385621550370e-01
5.104329307824595485e-01
5.710431441957188881e-01
9.467345209125541672e-01
3.705916958444601672e+00
1.036650343342746750e+00
8.084768592594619996e-01
3.538803814570931627e-01
4.342281780668375002e-01
5.570211187189769708e-01
5.747649696612067149e-01
8.754747117935622880e-01
7.193727736172917941e-01
8.918830603737617491e-01
6.714648106406401196e-01
5.731739953562392520e-01
6.470113681464256805e-01
6.399867125409146595e-01
9.353415049224406141e-01
