9.493637328998943969e-01
9.491596425955777239e-01
9.339961288834800479e-01
9.386468263235194787e-01
9.459285316762513496e-01
9.527859961440403591e-01
8.939165962505830620e-01
8.578961543696320691e-01
9.249693776862861760e-01
9.164630005922717038e-01
9.474092556537139220e-01
9.549309544669430938e-01
9.497007030600655986e-01
9.442378542677022368e-01
9.489761682079214111e-01
9.522316378894241096e-01
9.539315301660584723e-01
9.463306086118075111e-01
9.573212713513513661e-01
9.489318787243826714e-01
9.463916031514324478e-01
9.421186735600927120e-01
9.427109192717360031e-01
9.060274106615513467e-01
8.876157477364851056e-01
8.795510768042521521e-01
8.628963951987470571e-01
8.802440538549515248e-01
9.208788932294909024e-01
9.030797529091293407e-01
9.065724653898511454e-01
9.294535069847290609e-01
9.508183297455764516e-01
9.481683575931690866e-01
9.294500338283382401e-01
8.431277022241404628e-01
8.837018365149899024e-01
9.006933447724412289e-01
9.120312267216078572e-01
9.366637345102479806e-01
9.082533537301670234e-01
9.218465564098585752e-01
8.838944550726833826e-01
9.321415177566425569e-01
9.408827569513656952e-01
8.384529794751501841e-01
8.783287285138756673e-01
