7.051553558202501293e-01
7.092538479582585209e-01
6.409552749909884772e-01
7.370736995098380318e-01
8.323731221786980772e-01
9.226400338489065822e-01
8.547581363467274818e-01
8.139362258197946343e-01
6.940683906229687672e-01
6.925410643448887127e-01
7.456508759419420151e-01
7.490889533093323394e-01
8.148517325651167820e-01
6.613775295038785140e-01
6.930356564557166310e-01
8.045164524190078215e-01
7.715370439393145485e-01
7.306177177066739414e-01
7.230529114213330999e-01
7.891182031874205416e-01
