4.801967324817338678e+00
1.423101695168128566e+00
1.395283382082939783e+00
2.077948670818422272e+00
1.836951949370116743e+00
1.102174678672911634e+00
2.098114230042817052e+00
2.101389276818085960e+00
2.022278740719933410e+00
1.209570595048138131e+00
1.450457544664047527e+00
1.534986938424873992e+00
9.599451802600043049e-01
1.598230483004457358e+00
2.566484480295109893e+00
2.238064112684440943e+00
4.052568642592660808e+00
1.038965367852289656e+00
1.138819862035300057e+00
1.477202867142697995e+00
9.725831233905933848e-01
2.055081439042025782e+00
