3.054131635363621644e+00
2.323066682710286379e+00
1.577228450142781790e+00
1.038160242044261716e+00
1.155008844182346950e+00
2.554088724384273146e+00
8.763794044511764580e-01
8.691829649192533980e-01
2.458637173820487742e+00
9.153389164143731493e-01
3.537937894201304001e+00
4.732958238816068253e+00
1.812903482969375091e+00
9.556966850480751452e-01
9.865625770949605355e-01
1.796437922316358460e+00
7.557513195223507507e-01
1.138000907013724250e+00
2.457657734773495584e+00
1.680665581361383998e+00
