6.771966432120339885e-01
7.274358227775634678e-01
6.746434351898084048e-01
8.230930185997803461e-01
7.434613751693059935e-01
8.178514392772130437e-01
7.261414523593878734e-01
8.425650808950839732e-01
7.793407278355688472e-01
7.850315302612159707e-01
8.602811128004792529e-01
8.742019151613382721e-01
7.081978882062828218e-01
7.813623258703958907e-01
8.961662691608631715e-01
7.938991791683611687e-01
7.812916907126727928e-01
7.184544807611181749e-01
6.841796463220672919e-01
7.320616570154647729e-01
6.272111924818232209e-01
7.797500001058037533e-01
