7.746360381590716715e-01
6.612717743336867793e-01
7.034508601651586757e-01
6.461078931371667666e-01
7.410570301572505514e-01
6.103755366776570934e-01
5.876687228019910059e-01
5.191221197185272862e-01
7.509536461828829612e-01
4.522036102027852666e-01
7.845181955707906107e-01
8.424867424594129073e-01
6.918175361500359388e-01
4.827193870070836113e-01
6.850978296766057074e-01
7.195693580544717527e-01
5.538979069209563066e-01
6.127766999057902009e-01
8.045277481492871807e-01
7.517329788808621016e-01
