1.060702478813011496e+01
8.066601422391423526e+00
9.038256801133332630e+00
1.133834529377256573e+01
7.808842132773064826e+00
1.207986980295666690e+01
1.300880377774231356e+01
5.440493592021092617e+00
5.778732357598284075e+00
4.794696514280312627e+00
8.478354992595424022e+00
7.842775843301365235e+00
1.044685846320683531e+01
9.594407765455114756e+00
1.214247253564707485e+01
1.269870449604730211e+01
1.234208719179647140e+01
1.052427461338407788e+01
8.645296323367430702e+00
1.204304755571915209e+01
9.047275241298153858e+00
6.227176625309828850e+00
8.154401672897833464e+00
5.937337762428148480e+00
6.161917126417496782e+00
7.032324261757840311e+00
9.345256135943134979e+00
9.227317439770434504e+00
9.174991808284053363e+00
6.639321199923938543e+00
4.351993918762842917e+00
7.014302582107436734e+00
7.433980297787427638e+00
8.153267123173582931e+00
6.088169675468886766e+00
7.894249596487684428e+00
6.205568293302104799e+00
6.085809367243451007e+00
5.510441442938370571e+00
8.627903967872065039e+00
7.944146934766360246e+00
8.030771542380209738e+00
9.625998282987708876e+00
5.560582213913510152e+00
8.550775199811422311e+00
1.166505409320659048e+01
4.287581495199384030e+00
