8.160141786008774378e-01
7.509748774528649529e-01
7.216831097958429364e-01
8.642727134130064881e-01
6.575889919663321370e-01
7.128631194900423296e-01
8.300476879088922733e-01
7.192841006746993893e-01
6.720987923413125342e-01
6.685033139541620706e-01
6.514252284937933624e-01
6.856567376825041249e-01
7.869346184766772279e-01
7.631223891369791623e-01
7.083561746372332157e-01
8.243996305127587743e-01
7.554091846123873744e-01
7.325897405764093540e-01
6.635313463890479824e-01
6.946369793454025832e-01
6.636952713658701430e-01
6.347630609703631688e-01
