1.247533472997174098e+00
1.151652911718721750e+00
9.475024172542553247e-01
8.080855151307615003e+00
1.298097207460748637e+00
1.159667586118512839e+00
1.022212867479218357e+00
1.616865633322834173e+00
8.182460544733842767e+00
1.175723169014171843e+00
2.633823908951486548e+00
2.072483694474368310e+00
1.786296125108426613e+00
1.801720018284871161e+00
1.394072787707516081e+00
1.445607494938128568e+00
1.906070793713961598e+00
8.516319687030039498e-01
1.780103554983766712e+00
1.847569476557032520e+00
2.094162953760381640e+00
1.524599707671742355e+00
