6.839492971680428690e-01
6.557844964133984211e-01
5.568522745463322376e-01
9.217562670403983693e-01
6.454767385767945509e-01
6.386954273250671221e-01
5.298507448214095916e-01
6.806119525324152431e-01
8.670874726010748823e-01
5.092763482061880564e-01
6.701575025151266241e-01
6.913795209967438238e-01
7.245323807778054626e-01
5.945453322389220308e-01
6.557525850745171692e-01
6.162558388929915143e-01
5.295719826362169647e-01
6.200490804732223804e-01
6.718810847469079972e-01
7.486754779504741775e-01
7.419195974435325303e-01
6.050982361334206194e-01
