8.765082830157592264e-01
7.154261889764977900e-01
8.379863016407240739e-01
8.419970878747461418e-01
7.881900599642982508e-01
7.334200687228684679e-01
7.359693982083724828e-01
6.823612570146700973e-01
5.253682662937037007e-01
6.215393179348219777e-01
7.106351311715402019e-01
6.694965290051917428e-01
6.976761859316413794e-01
8.062875863264726828e-01
7.886214900241220738e-01
8.870303870334984575e-01
8.570259714613072122e-01
8.494829871205231697e-01
8.230473447750054072e-01
8.482906331173298842e-01
8.685789010166891089e-01
7.775948842783048098e-01
8.624719664394278063e-01
8.352370036579657153e-01
8.845766806083438238e-01
8.574388553568808025e-01
8.640266916789652862e-01
8.785757458782268436e-01
8.293578888653527770e-01
8.473711523554861014e-01
8.486330368324773721e-01
8.336113859771019374e-01
7.703420775888606409e-01
8.391148424447647525e-01
7.747240495798304316e-01
7.621478853842055257e-01
7.249975861369158947e-01
7.291383410429148615e-01
7.194290084848486977e-01
6.717521375323736166e-01
6.472740750393749520e-01
6.797966521238990589e-01
7.585803611287462722e-01
6.928146505195013072e-01
7.576279403356624975e-01
8.786762782520086690e-01
7.427190006569197589e-01
6.848585340231384544e-01
6.501009439206636431e-01
6.415784490168865428e-01
8.281751415771304581e-01
7.139571848152076461e-01
8.407791812354987737e-01
8.336619646490238678e-01
8.778217447325326050e-01
8.210992395995888593e-01
7.971231232770967789e-01
6.952968526531400073e-01
7.533195629117069858e-01
7.629423705059676930e-01
7.515529748469347293e-01
8.318364547585376245e-01
7.641595415028255012e-01
8.230809841401820481e-01
8.499535668076737549e-01
7.784779733258099244e-01
7.945683564717701541e-01
7.979727641972366170e-01
7.237130475820540143e-01
7.470939600162080918e-01
