1.213852560707430417e+00
1.424759541127430085e+00
2.550540216085785072e+00
1.741867192133115472e+00
1.259447037907440725e+00
2.222521800487276433e+00
2.717241385457472624e+00
2.241224115507832959e+00
2.434785727830103941e+00
1.910099585124201527e+00
1.813939240238780837e+00
2.601548312966720733e+00
2.397714671590478908e+00
2.040202749314816710e+00
2.598348619073956645e+00
2.924027899168941236e+00
2.299720600000838999e+00
2.006755706425108254e+00
2.712195330118782000e+00
2.803388951660762185e+00
2.038263826592888073e+00
1.596011759394343033e+00
2.091798967392685782e+00
9.829808251142394537e-01
1.542089266860993124e+00
1.276659096126594450e+00
2.149459492048257925e+00
2.001736635121987185e+00
2.043934669307264418e+00
2.415565574705321072e+00
2.467275828027208906e+00
1.866621700928318806e+00
2.549535353251215497e+00
1.922755776127853533e+00
1.950668064010018465e+00
2.614029856509503702e+00
2.380086515912047673e+00
1.967866561109320678e+00
2.612725711678401286e+00
4.201650960710748173e+00
6.072573411806778232e+00
1.171016877049759097e+00
3.509462300890051178e+00
1.593238625618375259e+00
3.443364984066298096e+00
