9.460980691323324088e-01
3.796243591433463127e+00
1.292076679607427891e+00
7.716273552749115527e-01
6.621573557008978428e-01
9.650558393930948053e-01
1.210722675641311197e+00
1.060414202850637144e+00
7.203836500219399364e-01
1.261484487864798609e+00
1.219872404515386810e+00
8.078218117643707341e-01
6.572156427476768537e-01
5.765178869616854884e-01
8.536472093042616338e-01
5.956475316152666233e-01
4.153503094370710080e+00
6.927935137643773666e-01
1.369583828643429202e+00
1.167707067574697666e+00
1.605512839315832663e+00
9.028025603244859143e-01
9.249799962656606311e-01
1.030270330604517337e+00
1.115872443485314669e+00
9.735348917405586278e-01
8.849520836409363600e-01
7.628205282275554167e-01
6.741891366015253517e-01
9.346034078749688723e-01
8.483230846219367294e-01
8.256709838180045224e-01
8.743208220090453731e-01
7.525428410577891247e-01
7.807304137338582084e-01
1.032516060284649262e+00
8.258353180598946297e-01
8.663139804914730124e-01
9.324118785186649161e-01
7.947353413391019528e-01
6.776246996767115727e-01
7.180417471878166591e-01
8.787011007966309961e-01
7.086435480419690514e-01
7.393114500895523467e-01
2.278057080880220298e+00
1.788962257854882720e+00
6.475318566638462725e-01
8.599733712513636386e-01
2.973196033281527040e+00
8.306287855463022618e-01
5.731973465711147631e-01
1.000329677187191679e+00
1.136212951547063810e+00
9.713089671301549100e-01
7.289463672068000610e-01
2.283274972885693810e+00
7.611225968233354955e-01
