5.405303890705690506e-01
5.260395315788667370e-01
4.138100857843342584e-01
9.007651314465089376e-01
1.388754211900643964e+00
3.244423027983541763e-01
2.838269826654202244e-01
3.971850765576245279e-01
4.116263583171400620e-01
3.033275791296243806e-01
4.526784085976239269e-01
3.149092644698973653e-01
3.717640010935943096e-01
5.539848674925731409e-01
2.301726300539983505e-01
4.003145559548821342e-01
5.718125039727719461e-01
4.068085367032513444e-01
2.256917355948139803e-01
4.894674730043175326e-01
4.446346820329054594e-01
4.572087867124157712e-01
3.414302166770062930e-01
4.114871542032950691e-01
5.690083571979481780e-01
7.168462279332726839e-01
3.921731974041799518e+00
3.685546305134800305e-01
1.776071698076665095e+00
1.453208230020592184e+00
3.300478370886242852e-01
1.123302995957750738e+00
1.388619812751135774e+00
