2.271408964946794562e+00
7.840313875796989240e-01
5.981476355084092145e-01
1.441403359433038656e+00
3.391081360813071210e+00
8.844967311925883147e-01
5.056893455026253426e-01
3.380505754640350968e+00
4.178997584953450861e+00
7.299577005326386425e-01
6.515086348692766816e-01
1.725234677087186030e+00
1.194630680768266284e+00
9.143121602214316912e-01
1.353401479702305288e+00
1.140579550923300101e+00
1.143079914581061729e+00
1.372386220107231436e+00
1.043224329003610285e+00
1.246513231284807732e+00
8.922326970015543868e-01
7.094526439136071838e-01
6.896067799351619509e-01
1.359031989664566842e+00
7.592219095317236377e-01
1.190771184868618882e+00
1.268657138278720620e+00
1.208159721051194957e+00
4.021663776029119397e+00
1.736210078965120474e+00
1.429558670615765248e+00
1.355176584426005304e+00
1.311498122293196511e+00
1.137472480148706389e+00
9.337599403532359510e-01
1.030965324031513974e+00
1.192989587253357353e+00
8.758818782576968109e-01
7.884851394781279277e-01
8.758051287018971953e-01
9.136318684189188577e-01
9.930515948814104821e-01
2.707166969424541048e+00
2.883427188548941977e+00
1.136644920540601733e+00
9.753148667336677402e-01
1.078890799815793944e+00
8.274685730748682078e-01
1.093029028494185262e+00
1.428907457317315499e+00
1.032372553695254602e+00
1.107015925376741539e+00
9.578521106692228226e-01
1.242075399198329766e+00
1.159786745336830682e+00
1.051239428678787391e+00
1.400817340179715709e+00
1.224477560629882777e+00
1.346730890660216451e+00
1.515989078010781643e+00
1.571651583099213045e+00
1.432250668902677049e+00
1.330486806096338626e+00
1.672654914756642519e+00
1.357199335064369627e+00
1.704607818880033543e+00
1.315191355003513918e+00
1.049567377271005908e+00
9.659660043538944585e-01
7.235058349875475026e-01
8.684513917030085572e-01
7.247764975301421719e-01
6.483069062546744643e-01
6.501401637810768630e-01
9.879514747424013033e-01
2.073780038696142469e+00
7.973784532832528527e-01
2.239868957963535134e+00
7.155823357222926839e-01
7.891202818566700472e-01
6.913636605844601934e-01
6.556892320118371531e-01
1.754482087670036661e+00
