7.119728177689841342e-01
7.386745836030378376e-01
7.567838849809750412e-01
7.894122375542481640e-01
7.295299261130917534e-01
7.306477644154588669e-01
8.094441679468213913e-01
8.045305075413209384e-01
7.617581639544150907e-01
7.597908965610229437e-01
7.655495750419224477e-01
7.706987892995644795e-01
8.130593189187701464e-01
8.129320067497053381e-01
8.256071371773313627e-01
8.493978495475691393e-01
8.294915667530717851e-01
8.014399863557855053e-01
8.322339823950243298e-01
6.483870178585494637e-01
7.711784480834406041e-01
7.070628075074359975e-01
7.083478924134376520e-01
7.075294698605610888e-01
7.611870262747637561e-01
7.283934722812788198e-01
7.498065487484699698e-01
8.053570154093575573e-01
8.026456405934802030e-01
8.043541663674120823e-01
8.133345732705550279e-01
7.408988119666776173e-01
7.679209017361198208e-01
7.038050667004338568e-01
5.995436858480058806e-01
7.846303212133380889e-01
7.674196214450248466e-01
7.050032359880312738e-01
7.400320140829083071e-01
7.828771384613167905e-01
8.385330110161860473e-01
6.533952510337142083e-01
7.485410930662176332e-01
6.927277374403941756e-01
7.111490976545695730e-01
