6.704354352204969780e-01
6.557780708029493644e-01
7.335225438820455190e-01
7.545609674030760994e-01
7.244059501160172720e-01
6.905801108252030973e-01
5.919646664641883271e-01
5.690104972622397339e-01
6.674732483907692693e-01
5.633415909947958600e-01
6.839483497934573109e-01
6.390465275700065728e-01
5.223130611723382222e-01
6.973237360216734126e-01
6.524530150978650189e-01
6.294706770156194287e-01
7.701778975587723064e-01
6.415176300186515856e-01
5.045867083755593008e-01
5.895473579154191235e-01
6.193396661583893126e-01
5.987882588451103327e-01
7.479375087972289782e-01
6.946906580480457505e-01
6.080487929234850153e-01
7.176896157643077867e-01
8.393747281958618967e-01
5.883537141357809697e-01
8.682698962123287512e-01
7.909695123438049702e-01
5.778521878994196115e-01
7.216461301830582320e-01
8.244719292107998143e-01
