7.052068366009803801e-01
9.001856836962554009e-01
7.079979933976433548e-01
6.573996824108305770e-01
5.895910092391536406e-01
6.887204979667036486e-01
7.407928447491428647e-01
7.016302095565672969e-01
6.553785181949204341e-01
7.560923340058637310e-01
7.502709507701215141e-01
6.750463566901113710e-01
7.043322490349055442e-01
6.349244048745886770e-01
7.711595670798949698e-01
7.020968627244584814e-01
8.364633925814969340e-01
6.275602044714182481e-01
7.736445764431282290e-01
6.560271525474866694e-01
7.052839029196383835e-01
5.280847780347637244e-01
6.117960466569652977e-01
5.333417617713971381e-01
6.338540456780403787e-01
7.054947209555350041e-01
6.901842799713515664e-01
6.246769832761648322e-01
7.232572338079872321e-01
7.937714813625353916e-01
7.191838221675781462e-01
7.534265781094992009e-01
7.723748511738620648e-01
6.168864053850218188e-01
7.480762724867748847e-01
7.431762109403557970e-01
7.012594794445464741e-01
6.950163131523189319e-01
7.397615437104205771e-01
7.330044446636451161e-01
6.591828699848920614e-01
6.543521916674499561e-01
6.509899564053640564e-01
6.568161357938867573e-01
6.911051543965603949e-01
6.020250509454360133e-01
7.409109013758157225e-01
5.886440283602978329e-01
6.924521975910131744e-01
8.543342675778207163e-01
6.694682836745594612e-01
6.051747384679745378e-01
7.025920921362037719e-01
7.731837702800069545e-01
7.056377380860663351e-01
6.659071958969662308e-01
8.755036607308896990e-01
7.109710050877863230e-01
