6.180071801905462792e+00
1.368164287978081983e+00
1.916484616963797238e+00
2.213203903983676391e+00
1.694820361841890444e+00
1.365572855495467142e+00
1.969722114248113831e+00
1.784549275890875863e+00
1.958148590240006204e+00
1.090220358852217908e+00
1.030168882405387842e+00
8.535158622206965306e-01
1.056545611266341389e+00
1.600172309793613357e+00
1.588208655813075021e+00
3.728303777426510202e+00
2.164447854808740690e+00
2.381126345713215020e+00
2.077961606866684630e+00
3.052999920369787290e+00
3.049528551384521169e+00
2.069822746219816434e+00
2.554655128680065168e+00
2.224443150317631623e+00
2.835224944655239998e+00
3.328528628604004336e+00
2.804095188654190718e+00
2.734191353542603231e+00
2.650034918218320268e+00
2.527713591864178877e+00
2.122307107637458667e+00
1.953979478278301984e+00
1.882729505703337525e+00
1.970121895983281801e+00
1.492183583157819848e+00
1.585589370863045300e+00
1.151134234754543684e+00
9.805326120383096589e-01
9.217177444061630531e-01
9.986752486948232699e-01
9.460501101428608894e-01
2.015337507460500444e+00
1.666185161834473627e+00
8.694886860001879159e-01
1.425925229830437457e+00
4.665490506557977035e+00
8.321755121649421216e-01
7.178436005289692279e-01
8.771496525485830142e-01
1.967965977284368950e+00
2.058500231529030167e+00
3.135857896856848015e+00
3.406993423231177598e+00
2.006320872056658988e+00
3.597017385928310329e+00
1.992336206629422346e+00
1.866424940708911961e+00
1.142736628757982986e+00
2.919849552931986558e+00
2.421804646010068840e+00
1.890250730034651383e+00
2.581877978038889854e+00
2.024539956865693213e+00
1.935008027368472883e+00
2.828708154144900178e+00
3.082399947782427763e+00
2.736619581000549584e+00
2.931232317133146026e+00
1.704072922345378105e+00
1.498587454853321566e+00
